25981631.11
25979176.57
25976404.88
25973274.66
25969737.65
25965745.59
25961243.31
25956154.98
25950418.54
25943951.26
25936656.6
25928438.05
25919185.29
25908767.31
25897046.22
25883863.45
25869060.4
25852444.04
25833800.62
25812916.4
25789543.17
25763412.04
25734240.32
25701738.43
25665568.54
25625406.58
25580914.71
25531741.3
25477555.4
25418039.86
25352911.98
25281930.45
25204950.49
25121889.35
25032815.98
24937930.33
24837604.71
24732376.93
24623012.29
24510427.8
24395733.51
24280177.38
24165069.4
24051781.65
23941610.32
23835768.9
23735277.81
23640923.06
23553242.43
23472491.03
23398668.87
23331527.72
23270647.01
23215468.27
23165336.49
23119589.78
23077538.65
23038583.27
23002144.48
22967739.64
22934961.97
22903473.61
22873005.68
22843337.54
22814317.5
22785814.58
22757725.34
22729987.73
22702532.8
22675326.09
22648326.22
22621512.51
22594850.48
22568333.25
22541933.22
22515643.51
22489457.22
22463360.57
22437346.65
22411408.57
22385553.23
22359773.73
22334063.18
22308414.69
22282807.56
22257214.22
22231586.41
22205882.75
22180013.62
22153910.07
22127468.68
22100586.02
22073151.78
22045055.64
22016194.19
21986477.78
21955816.8
21924142.28
21891405.98
21857566.51
21822616.98
21786550.51
21749387.77
21711142.55
21671856.22
21631577.05
21590353.29
21548240.12
21505306.46
21461607.49
21417198.36
21372141.12
21326490.93
21280302.95
21233625.45
21186506.68
21138994.9
21091124.6
21042930.25
21099391.42
21114897.73
21134568.47
21146289.56
21174275.38
21190891.74
21209535.16
21230419.38
21253792.61
21279923.74
21309088.57
21341597.35
21377767.24
21417929.2
21462421.07
21511587.59
21565773.48
21625289.03
21690416.91
21761398.43
21838378.4
21921432.64
22010506.01
22105391.66
22205717.28
22310938.17
22420302.81
22532887.3
22647574.69
22763130.82
22878231.9
22991519.66
23101684.09
23207518.62
23308002.81
23402350.67
23490024.4
23570762.01
23644577.28
23711704.64
23772571.56
23827736.51
23877847.6
23923580.53
23965604.08
24004538.77
24040949.98
24075320.35
24108056.66
24139503.64
24169930.21
24199543.19
24228501.17
24256942.04
24284948.55
24312603.42
24339954.92
24367051.32
24393927.08
24420602.9
24447099.45
24473437.42
24499623.71
24525679
24551603.29
24577403.47
24603079.54
24628631.52
24654059.38
24679349.35
24704508.32
24729536.29
24754440.15
24779240.59
24803965.19
24828662.21
24853386.81
24878201.04
24903187.65
24928429.35
24954015.8
24980029.72
25006546.95
25033629.56
25061332.69
25089677.04
25118683.28
25148337.64
25178605.62
25209438.97
25240761.86
25272491.53
25304531.47
25336757.56
25369059.5
25401299.39
25433346.22
25465062.1
25496322.93
25526990.81
25556941.64
25586058.2
25614243.96
25641388.62
25667416.33
25692251.25
25715852
