0.396
0.4464
0.5076
0.5724
0.648
0.7344
0.8316
0.9396
1.0656
1.206
1.3644
1.5408
1.746
1.9728
2.2356
2.5272
2.862
3.2364
3.6648
4.1472
4.6908
5.31
6.0084
6.7968
7.6932
8.7048
9.8496
11.1456
12.6144
14.274
16.1532
18.2772
20.682
23.4036
26.4852
29.97
33.912
38.376
43.4268
49.14
55.6092
62.9244
71.2044
80.5752
91.1808
103.1796
116.7552
132.12
149.508
169.182
191.4444
216.6408
245.1492
277.4088
313.9164
355.2228
401.9688
454.8672
514.728
582.462
659.1132
745.848
843.9984
955.0656
1080.7488
1222.9704
1383.9084
1566.0216
1772.1036
2005.308
2269.1952
2567.8116
2905.7256
3288.1068
3720.8052
4210.4484
4764.5244
5391.5148
6101.0172
6903.8856
7812.4068
8840.484
10003.8528
11320.3152
12810.0204
14495.7636
16403.346
18561.9528
21004.6248
23768.7444
26896.608
30436.0848
34441.3404
38973.672
44102.448
49906.116
56473.56
63905.22
72314.892
81831.204
92599.848
104785.596
118574.928
134178.84
151836.228
171817.2
194427.612
220013.424
248966.244
281729.124
318803.436
360756.72
408230.64
461952
522743.04
591533.64
669376.8
757463.76
857142.72
857144.16
857144.52
857144.88
857145.24
857145.6
857145.96
857146.68
857147.04
857147.4
857148.12
857148.84
857149.56
857150.64
857151.72
857152.8
857153.88
857155.32
857157.12
857158.92
857161.08
857163.6
857166.12
857169.36
857172.96
857176.92
857181.24
857186.28
857192.04
857198.52
857205.72
857214
857223.36
857234.16
857246.04
857259.72
857274.84
857292.48
857311.92
857334.24
857359.44
857387.88
857420.28
857456.64
857498.04
857544.84
857597.76
857657.52
857725.2
857801.88
857888.64
857986.92
858097.8
858223.44
858366
858526.92
858708.72
858915
859148.28
859412.16
859710.6
860048.64
860430.96
860863.68
861353.28
861907.32
862534.44
863244
864046.8
864955.44
865983.24
867146.76
868463.28
869952.96
871638.48
873546.12
875704.68
878147.64
880911.72
884039.4
887578.92
891584.28
896116.68
901245.24
907049.16
913616.28
921048.12
929457.72
938973.96
949742.64
961928.28
975717.72
991321.56
1008979.2
1028959.92
1051570.44
1077156.36
1106109
1138871.88
1175946.48
1217899.44
1265373.36
1319094.72
1379885.76
1448676.36
1526519.52
1614606.84
1714285.8